dirs:
tensor([[ 0.4468,  0.1987,  0.8723],
        [ 0.3942,  0.1924,  0.8987],
        [ 0.3943,  0.2071,  0.8953],
        [ 0.4050,  0.2167,  0.8883],
        [ 0.4403,  0.2298,  0.8680],
        [ 0.4401,  0.2543,  0.8612],
        [ 0.4386,  0.2615,  0.8598],
        [ 0.4539,  0.2716,  0.8486],
        [ 0.4515,  0.2775,  0.8480],
        [ 0.4564,  0.2873,  0.8421],
        [ 0.4440,  0.2782,  0.8518],
        [ 0.4467,  0.2730,  0.8520],
        [ 0.4437,  0.2769,  0.8523],
        [ 0.4726,  0.2989,  0.8290],
        [ 0.4934,  0.3137,  0.8112],
        [ 0.5119,  0.3293,  0.7934],
        [ 0.5096,  0.3608,  0.7811],
        [ 0.5155,  0.3677,  0.7740],
        [ 0.5186,  0.3837,  0.7641],
        [ 0.4856,  0.4040,  0.7752],
        [ 0.4650,  0.4209,  0.7788],
        [ 0.4298,  0.4356,  0.7909],
        [ 0.4144,  0.4595,  0.7856],
        [ 0.4092,  0.4687,  0.7829],
        [ 0.3778,  0.4940,  0.7831],
        [ 0.2285,  0.5576,  0.7981],
        [ 0.0682,  0.5777,  0.8134],
        [ 0.0046,  0.5594,  0.8289],
        [-0.0393,  0.5284,  0.8481],
        [-0.1037,  0.4908,  0.8651],
        [-0.0847,  0.4316,  0.8981],
        [-0.0075,  0.3862,  0.9224],
        [ 0.1454,  0.3094,  0.9398],
        [ 0.1628,  0.2963,  0.9411],
        [ 0.1529,  0.2665,  0.9516],
        [ 0.2331,  0.1897,  0.9538],
        [ 0.2169,  0.1990,  0.9557],
        [ 0.2298,  0.1708,  0.9581],
        [ 0.2581,  0.1160,  0.9591],
        [ 0.2163,  0.1248,  0.9683],
        [ 0.2655,  0.1540,  0.9517],
        [ 0.4237,  0.2182,  0.8791],
        [ 0.3839,  0.2233,  0.8960],
        [ 0.4038,  0.2364,  0.8838]], device='cuda:0')
intens
tensor([[1.2350, 1.2350, 1.2350, 1.2350, 1.2350, 1.2350, 1.2350, 1.2350, 1.2350,
         1.2350, 1.2350, 1.2350, 1.2350, 1.2350, 1.2350, 1.2350, 1.2350, 1.2350,
         1.2350, 1.2350, 1.2350, 1.2350, 1.2350, 1.2350, 1.2350, 1.2350, 1.2350,
         1.2350, 1.2350, 1.2350, 1.3250, 1.3250, 1.3250, 1.3250, 1.3250, 1.3250,
         1.4150, 1.4150, 1.4150, 1.3250, 1.3250, 1.3250, 1.3250, 1.3250, 1.3250,
         1.3250, 1.3250, 1.3250, 1.4150, 1.4150, 1.4150, 1.5050, 1.5050, 1.5050,
         1.5050, 1.5050, 1.5050, 1.5050, 1.5050, 1.5050, 1.5950, 1.5950, 1.5950,
         1.5050, 1.5050, 1.5050, 1.5050, 1.5050, 1.5050, 1.5950, 1.5950, 1.5950,
         1.5950, 1.5950, 1.5950, 1.6850, 1.6850, 1.6850, 1.8650, 1.8650, 1.8650,
         1.8650, 1.8650, 1.8650, 1.6850, 1.6850, 1.6850, 1.6850, 1.6850, 1.6850,
         1.5950, 1.5950, 1.5950, 1.6850, 1.6850, 1.6850, 1.8650, 1.8650, 1.8650,
         1.8650, 1.8650, 1.8650, 1.8650, 1.8650, 1.8650, 1.8650, 1.8650, 1.8650,
         1.8650, 1.8650, 1.8650, 1.8650, 1.8650, 1.8650, 1.8650, 1.8650, 1.8650,
         1.8650, 1.8650, 1.8650, 1.8650, 1.8650, 1.8650, 1.3250, 1.3250, 1.3250,
         1.3250, 1.3250, 1.3250, 1.3250, 1.3250, 1.3250]], device='cuda:0')
dirs_x
tensor([-20.9707, -16.3210, -15.3846, -14.1977, -11.7244, -11.5018, -10.6357,
         -8.8225,  -7.6717,  -7.4578,  -7.1537,  -5.9721,  -5.0430,  -4.0598,
         -3.3165,  -2.6030,  -1.1148,  -0.2005,   1.1665,   2.4762,   3.5776,
          4.8818,   4.5457,   5.2578,   4.5530,   4.1463,   3.8724,   2.8616,
          1.9589,   0.6064,  -1.3047,  -2.5135,  -4.2623,  -5.5595,  -8.8808,
        -11.3788], device='cuda:0') ,
tensor([-25.0602, -20.2456, -19.0148, -17.2276, -14.6905, -13.8536, -12.3115,
        -10.1425,  -8.9220,  -8.0846,  -7.3182,  -5.8906,  -4.7106,  -3.5168,
         -2.5213,  -1.4355,   0.0458,   0.9655,   2.2490,   3.7159,   4.9507,
          5.9824,   5.5862,   6.0163,   5.1107,   4.4308,   3.7203,   2.4062,
          1.0186,  -0.7867,  -2.8904,  -4.6882,  -6.9700,  -8.7620, -12.3697,
        -15.4956], device='cuda:0') ,
tensor([-25.6989, -20.8783, -19.6027, -17.6979, -15.1885, -14.1477, -12.5244,
        -10.2941,  -9.0739,  -8.1237,  -7.2742,  -5.8036,  -4.6533,  -3.4416,
         -2.4532,  -1.3489,   0.1219,   1.0648,   2.3105,   3.7729,   5.0457,
          6.0473,   5.6857,   6.1251,   5.2304,   4.5556,   3.7837,   2.4237,
          0.9709,  -0.9423,  -3.0621,  -4.9512,  -7.2982,  -9.2526, -12.9609,
        -16.2683], device='cuda:0') ,
tensor([-25.9570, -21.0506, -19.7611, -17.9080, -15.3724, -14.3269, -12.7761,
        -10.5622,  -9.2848,  -8.3818,  -7.5778,  -6.0979,  -4.9342,  -3.7126,
         -2.7564,  -1.6635,  -0.1042,   0.9001,   2.2065,   3.6943,   5.0067,
          6.1069,   5.8067,   6.2927,   5.4594,   4.7917,   4.0868,   2.7206,
          1.2815,  -0.6274,  -2.7585,  -4.6556,  -6.9640,  -8.9542, -12.7119,
        -16.0283], device='cuda:0') ,
tensor([-25.6566, -20.8140, -19.4183, -17.6524, -15.2612, -14.1138, -12.7449,
        -10.6471,  -9.4284,  -8.6776,  -7.8857,  -6.4761,  -5.3095,  -4.1867,
         -3.3699,  -2.3197,  -0.7734,   0.2472,   1.6128,   3.1233,   4.5534,
          5.7951,   5.7164,   6.3759,   5.7302,   5.1871,   4.6332,   3.3659,
          2.0075,   0.1692,  -1.8933,  -3.8236,  -5.9692,  -8.0188, -11.7115,
        -15.0273], device='cuda:0') ,
tensor([-25.2451, -20.4906, -19.0637, -17.4374, -15.0405, -13.9254, -12.6756,
        -10.6249,  -9.4279,  -8.7296,  -7.9712,  -6.5366,  -5.3505,  -4.2240,
         -3.4440,  -2.3670,  -0.8718,   0.2006,   1.5987,   3.1026,   4.4937,
          5.7423,   5.6329,   6.3101,   5.6637,   5.1647,   4.6754,   3.4239,
          2.1376,   0.3560,  -1.6618,  -3.5272,  -5.5712,  -7.5748, -11.1744,
        -14.4867], device='cuda:0') ,
tensor([-25.3974, -20.6004, -19.1823, -17.5759, -15.1611, -14.0229, -12.8063,
        -10.7250,  -9.4892,  -8.7674,  -8.0422,  -6.5877,  -5.3832,  -4.2461,
         -3.4618,  -2.3897,  -0.8892,   0.2086,   1.6205,   3.1560,   4.5351,
          5.7825,   5.6738,   6.3435,   5.6966,   5.1806,   4.7105,   3.4462,
          2.1707,   0.3691,  -1.6322,  -3.5084,  -5.5690,  -7.5910, -11.2090,
        -14.5676], device='cuda:0') ,
tensor([-2.5398e+01, -2.0418e+01, -1.9095e+01, -1.7536e+01, -1.5183e+01,
        -1.4053e+01, -1.3053e+01, -1.1079e+01, -9.8134e+00, -9.2231e+00,
        -8.6155e+00, -7.1635e+00, -5.9250e+00, -4.7362e+00, -4.0023e+00,
        -2.8413e+00, -1.2133e+00,  2.1637e-02,  1.5252e+00,  3.1385e+00,
         4.5548e+00,  5.8594e+00,  5.8578e+00,  6.5931e+00,  6.0317e+00,
         5.5824e+00,  5.1878e+00,  3.9148e+00,  2.6996e+00,  9.5895e-01,
        -9.8270e-01, -2.7658e+00, -4.7091e+00, -6.8013e+00, -1.0424e+01,
        -1.3762e+01], device='cuda:0') ,
tensor([-25.6683, -20.6701, -19.3323, -17.7381, -15.3896, -14.2073, -13.1965,
        -11.1954,  -9.8968,  -9.2828,  -8.6460,  -7.1837,  -5.9541,  -4.7302,
         -3.9726,  -2.8097,  -1.1727,   0.0950,   1.5789,   3.2055,   4.6197,
          5.9122,   5.8968,   6.6370,   6.0745,   5.6167,   5.1983,   3.8977,
          2.6742,   0.8919,  -1.0520,  -2.8543,  -4.8244,  -6.9588, -10.6171,
        -14.0221], device='cuda:0') ,
tensor([-26.4115, -21.2341, -19.8763, -18.2545, -15.9092, -14.6543, -13.7424,
        -11.7255, -10.4008,  -9.8000,  -9.2494,  -7.7363,  -6.4406,  -5.1016,
         -4.3790,  -3.0873,  -1.2796,   0.1456,   1.7167,   3.3956,   4.8405,
          6.1926,   6.2849,   7.0233,   6.5222,   6.0581,   5.6286,   4.2461,
          3.0110,   1.2071,  -0.7327,  -2.5727,  -4.5275,  -6.8291, -10.5801,
        -14.0396], device='cuda:0') ,
tensor([-27.2512, -22.0444, -20.6188, -18.8998, -16.4995, -15.1878, -14.1067,
        -11.9906, -10.6551,  -9.9520,  -9.3499,  -7.7650,  -6.4754,  -5.0323,
         -4.2705,  -2.8919,  -0.9943,   0.5029,   2.0752,   3.7525,   5.1849,
          6.5441,   6.5925,   7.2527,   6.6949,   6.1405,   5.6206,   4.1137,
          2.7855,   0.8899,  -1.1213,  -3.0516,  -5.1095,  -7.5388, -11.4068,
        -14.9433], device='cuda:0') ,
tensor([-27.0965, -21.8916, -20.4976, -18.7560, -16.4027, -15.0993, -14.0779,
        -11.9723, -10.6041,  -9.9627,  -9.4108,  -7.8483,  -6.5998,  -5.1245,
         -4.3408,  -2.9664,  -1.0445,   0.4978,   2.0862,   3.7518,   5.1764,
          6.5569,   6.6207,   7.2730,   6.7677,   6.1941,   5.6748,   4.1434,
          2.8263,   0.9438,  -1.0445,  -2.9556,  -4.9691,  -7.4247, -11.2899,
        -14.7925], device='cuda:0') ,
tensor([-26.5372, -21.4289, -20.0561, -18.3559, -16.0403, -14.7808, -13.8285,
        -11.7101, -10.3595,  -9.7565,  -9.2612,  -7.7336,  -6.5328,  -5.0158,
         -4.2237,  -2.8858,  -0.9938,   0.5516,   2.1235,   3.7513,   5.1069,
          6.4884,   6.5369,   7.1503,   6.6644,   6.0584,   5.5543,   4.0023,
          2.7171,   0.8480,  -1.1092,  -2.9627,  -4.8950,  -7.3239, -11.1360,
        -14.5758], device='cuda:0') ,
tensor([-26.5440, -21.3316, -19.9265, -18.2615, -16.1287, -14.7484, -14.0947,
        -12.0456, -10.6880, -10.2881,  -9.8142,  -8.3204,  -7.1433,  -5.5781,
         -4.8062,  -3.4716,  -1.5591,   0.0473,   1.6475,   3.3064,   4.7454,
          6.2602,   6.5356,   7.2893,   7.0194,   6.5280,   6.1467,   4.6686,
          3.4666,   1.7028,  -0.1611,  -1.9708,  -3.7364,  -6.1517,  -9.9639,
        -13.4740], device='cuda:0') ,
tensor([-26.8797, -21.4944, -20.1303, -18.3462, -16.4675, -14.8472, -14.5474,
        -12.5457, -11.1720, -10.9366, -10.4932,  -9.0271,  -7.8721,  -6.2372,
         -5.4130,  -4.0333,  -2.0742,  -0.3783,   1.3005,   3.0518,   4.6231,
          6.2405,   6.7425,   7.5958,   7.5010,   7.1220,   6.7836,   5.3204,
          4.1171,   2.4226,   0.6802,  -1.1293,  -2.7565,  -5.2703,  -9.1321,
        -12.7065], device='cuda:0') ,
tensor([-26.2396, -21.0477, -19.5989, -17.8496, -16.1816, -14.4595, -14.3248,
        -12.3651, -11.1593, -11.0335, -10.5666,  -9.1978,  -8.1291,  -6.4550,
         -5.6712,  -4.3014,  -2.4402,  -0.7351,   0.8826,   2.6236,   4.1985,
          5.8457,   6.5093,   7.4595,   7.5261,   7.2823,   7.0083,   5.6148,
          4.5218,   2.9221,   1.2892,  -0.4433,  -1.9666,  -4.5083,  -8.3798,
        -11.8715], device='cuda:0') ,
tensor([-24.5031, -20.0620, -18.2685, -16.8232, -15.1825, -13.5687, -13.2987,
        -11.3779, -10.6505, -10.5058,  -9.9092,  -8.6310,  -7.6249,  -5.9459,
         -5.2122,  -3.8806,  -2.2504,  -0.6684,   0.6784,   2.2787,   3.7028,
          5.2561,   5.9076,   6.8406,   6.8680,   6.7182,   6.4538,   5.1429,
          4.2470,   2.7627,   1.2242,  -0.3474,  -1.7977,  -4.1331,  -7.8843,
        -11.0063], device='cuda:0') ,
tensor([-23.9404, -19.9354, -17.8580, -16.5080, -14.9560, -13.2858, -12.9634,
        -11.0885, -10.7458, -10.5366,  -9.9054,  -8.6735,  -7.6937,  -5.9086,
         -5.1513,  -3.7914,  -2.3433,  -0.7637,   0.3852,   2.0045,   3.4074,
          4.9481,   5.6963,   6.6912,   6.7238,   6.6549,   6.3915,   5.0755,
          4.3028,   2.8688,   1.4183,  -0.0691,  -1.5181,  -3.8579,  -7.6045,
        -10.4214], device='cuda:0') ,
tensor([-22.7410, -19.1770, -16.9270, -15.7579, -14.2264, -12.6200, -12.1805,
        -10.3715, -10.3201, -10.1056,  -9.4501,  -8.2819,  -7.3226,  -5.5979,
         -4.9208,  -3.5543,  -2.3060,  -0.8289,   0.1966,   1.7275,   3.0251,
          4.5348,   5.2814,   6.3167,   6.3010,   6.3426,   6.0972,   4.8410,
          4.2163,   2.8557,   1.4239,   0.0662,  -1.2845,  -3.4987,  -7.1503,
         -9.6903], device='cuda:0') ,
tensor([-22.0808, -18.7183, -16.4782, -15.4292, -13.6514, -12.1861, -11.5199,
         -9.7009,  -9.7560,  -9.4421,  -8.7543,  -7.5375,  -6.5707,  -4.9519,
         -4.2227,  -2.9646,  -1.6917,  -0.4067,   0.5898,   1.9884,   3.1745,
          4.6067,   5.1284,   6.0334,   5.7660,   5.6677,   5.3685,   4.0605,
          3.3848,   2.0168,   0.5487,  -0.9033,  -2.2820,  -4.3419,  -7.9702,
        -10.4142], device='cuda:0') ,
tensor([-2.0849e+01, -1.7758e+01, -1.5531e+01, -1.4727e+01, -1.2769e+01,
        -1.1589e+01, -1.0652e+01, -8.8730e+00, -9.0405e+00, -8.6658e+00,
        -7.8947e+00, -6.7309e+00, -5.7285e+00, -4.2826e+00, -3.6358e+00,
        -2.5046e+00, -1.2712e+00, -2.3816e-01,  7.3764e-01,  1.9679e+00,
         3.0109e+00,  4.3586e+00,  4.6779e+00,  5.5407e+00,  5.1097e+00,
         4.9361e+00,  4.6359e+00,  3.4210e+00,  2.8067e+00,  1.4783e+00,
        -4.4932e-03, -1.4237e+00, -2.7697e+00, -4.6004e+00, -8.1491e+00,
        -1.0438e+01], device='cuda:0') ,
tensor([-1.9737e+01, -1.6753e+01, -1.4657e+01, -1.3859e+01, -1.1835e+01,
        -1.0904e+01, -9.9011e+00, -8.1405e+00, -8.1539e+00, -7.8321e+00,
        -7.0017e+00, -5.8185e+00, -4.9320e+00, -3.6037e+00, -2.9340e+00,
        -1.9625e+00, -7.9348e-01,  1.3749e-02,  9.5232e-01,  2.0415e+00,
         2.9761e+00,  4.2358e+00,  4.2738e+00,  4.9823e+00,  4.4170e+00,
         4.1043e+00,  3.7197e+00,  2.5996e+00,  1.9255e+00,  6.1528e-01,
        -7.8208e-01, -2.1836e+00, -3.6020e+00, -5.2047e+00, -8.4964e+00,
        -1.0780e+01], device='cuda:0') ,
tensor([-19.9858, -16.8810, -14.8799, -13.8862, -11.8965, -10.9409,  -9.8377,
         -8.1393,  -8.0193,  -7.6200,  -6.7084,  -5.5126,  -4.7258,  -3.4678,
         -2.7629,  -1.8328,  -0.6711,   0.1322,   0.9403,   2.0380,   3.1344,
          4.3493,   4.3087,   4.9792,   4.4215,   4.0650,   3.5957,   2.4178,
          1.5669,   0.1567,  -1.2469,  -2.7288,  -4.3002,  -5.9492,  -9.1437,
        -11.5723], device='cuda:0') ,
tensor([-19.8167, -16.7196, -14.7403, -13.8497, -11.8394, -10.8980,  -9.7998,
         -8.2276,  -8.2077,  -7.7998,  -6.8479,  -5.5822,  -4.8278,  -3.5827,
         -2.8346,  -1.8790,  -0.5857,   0.2318,   1.0645,   2.1204,   3.3065,
          4.5139,   4.5321,   5.1277,   4.5208,   4.1950,   3.6876,   2.5129,
          1.6356,   0.2785,  -1.1834,  -2.6091,  -4.1554,  -5.7018,  -8.8950,
        -11.1424], device='cuda:0') ,
tensor([-1.8007e+01, -1.5249e+01, -1.3387e+01, -1.2615e+01, -1.0764e+01,
        -9.7977e+00, -8.6857e+00, -7.2614e+00, -7.3550e+00, -6.8866e+00,
        -5.9418e+00, -4.5939e+00, -3.9520e+00, -2.8882e+00, -2.0080e+00,
        -1.1422e+00, -1.5207e-02,  6.2224e-01,  1.2338e+00,  2.1345e+00,
         3.0355e+00,  4.0246e+00,  3.9709e+00,  4.4003e+00,  3.6742e+00,
         3.3378e+00,  2.8253e+00,  1.7528e+00,  9.7360e-01, -2.4933e-01,
        -1.5922e+00, -2.7537e+00, -4.2275e+00, -5.3648e+00, -8.2818e+00,
        -1.0304e+01], device='cuda:0') ,
tensor([-16.0489, -13.5213, -11.6532, -10.7908,  -8.9385,  -7.9843,  -6.7357,
         -5.3075,  -5.3435,  -4.7495,  -3.7126,  -2.3702,  -1.7587,  -0.7522,
          0.0317,   0.8163,   1.5852,   1.8042,   2.2633,   2.5663,   2.8821,
          3.4163,   2.8564,   3.0126,   1.8877,   1.3610,   0.6026,  -0.7952,
         -1.5935,  -2.9752,  -4.5354,  -5.4040,  -7.0416,  -7.8332, -10.6646,
        -12.5347], device='cuda:0') ,
tensor([-14.8058, -12.3984, -10.5527,  -9.4386,  -7.8401,  -6.7776,  -5.4489,
         -4.0064,  -3.7683,  -3.0728,  -1.9776,  -0.8107,  -0.1429,   0.7163,
          1.3800,   2.0516,   2.4683,   2.4626,   2.7148,   2.6127,   2.4167,
          2.5823,   1.6516,   1.7253,   0.4601,  -0.1675,  -1.1351,  -2.7090,
         -3.3844,  -4.8682,  -6.5896,  -7.1573,  -8.9385,  -9.6009, -12.3500,
        -14.3720], device='cuda:0') ,
tensor([-14.7154, -12.3346, -10.3791,  -9.0463,  -7.6120,  -6.4881,  -5.0620,
         -3.5384,  -3.1556,  -2.4155,  -1.2747,  -0.2425,   0.4993,   1.2249,
          1.8047,   2.3716,   2.6322,   2.5161,   2.6503,   2.4029,   2.0277,
          2.1400,   1.0835,   1.1782,  -0.1410,  -0.7836,  -1.8076,  -3.4456,
         -4.0973,  -5.6266,  -7.4502,  -7.9855,  -9.9205, -10.4597, -13.2137,
        -15.3224], device='cuda:0') ,
tensor([-15.0920, -12.7254, -10.6643,  -9.1780,  -7.8530,  -6.7122,  -5.1378,
         -3.4858,  -2.9408,  -2.1375,  -0.9057,   0.0842,   0.9149,   1.6262,
          2.1977,   2.7096,   2.9161,   2.7396,   2.7070,   2.3823,   1.9171,
          1.9035,   0.7497,   0.8612,  -0.5473,  -1.3301,  -2.3154,  -3.9284,
         -4.7179,  -6.2691,  -8.1287,  -8.6842, -10.7908, -11.1427, -13.8961,
        -16.2960], device='cuda:0') ,
tensor([-14.7219, -12.4603, -10.3410,  -8.8073,  -7.5016,  -6.3628,  -4.6853,
         -2.9259,  -2.3320,  -1.4763,  -0.2605,   0.6533,   1.5282,   2.0683,
          2.5328,   2.9034,   2.9100,   2.6352,   2.4354,   1.9993,   1.4386,
          1.3875,   0.1654,   0.3199,  -1.1123,  -1.9337,  -2.8035,  -4.3131,
         -5.0895,  -6.6083,  -8.4370,  -8.9995, -11.2097, -11.2986, -13.9720,
        -16.5447], device='cuda:0') ,
tensor([-14.7500, -12.4820, -10.3393,  -8.7975,  -7.3727,  -6.3458,  -4.6916,
         -2.9496,  -2.4082,  -1.6077,  -0.5460,   0.3450,   1.1297,   1.5384,
          1.9965,   2.2712,   2.2673,   2.0114,   1.8847,   1.5826,   1.1416,
          1.3219,   0.2123,   0.4744,  -0.8490,  -1.5289,  -2.3054,  -3.7534,
         -4.4299,  -5.8871,  -7.6629,  -8.2711, -10.5117, -10.6160, -13.3058,
        -15.6944], device='cuda:0') ,
tensor([-16.4495, -13.9528, -11.8412, -10.2383,  -8.6856,  -7.6930,  -5.9672,
         -4.1009,  -3.3505,  -2.4108,  -1.4085,  -0.3114,   0.6400,   1.1546,
          1.8629,   2.3155,   2.4836,   2.4148,   2.3714,   2.2420,   1.8220,
          1.9990,   0.9123,   0.9744,  -0.2391,  -1.0251,  -1.9885,  -3.3978,
         -4.0680,  -5.5648,  -7.3588,  -8.0719, -10.4217, -10.7145, -13.4359,
        -15.9715], device='cuda:0') ,
tensor([-18.1402, -15.2817, -13.2432, -11.5892,  -9.8923,  -8.9655,  -7.3533,
         -5.4062,  -4.6344,  -3.7352,  -2.8520,  -1.5575,  -0.5787,   0.2080,
          1.0053,   1.6327,   2.1273,   2.2497,   2.4108,   2.6083,   2.5270,
          2.9388,   2.0343,   2.0960,   0.9571,   0.1467,  -0.8403,  -2.1845,
         -2.9896,  -4.5203,  -6.1533,  -7.2392,  -9.6170, -10.2991, -13.0361,
        -15.5731], device='cuda:0') ,
tensor([-19.2703, -16.5423, -14.3257, -12.5801, -10.7557,  -9.7738,  -7.9182,
         -5.9169,  -5.1564,  -4.0821,  -3.2102,  -1.7736,  -0.7312,   0.2044,
          1.1500,   1.9200,   2.4358,   2.6742,   2.8067,   3.1077,   3.0523,
          3.4642,   2.6049,   2.5347,   1.3961,   0.4556,  -0.7123,  -2.0984,
         -3.0398,  -4.6004,  -6.2209,  -7.6007, -10.0266, -10.9313, -13.5244,
        -16.0280], device='cuda:0') ,
tensor([-19.4645, -16.7173, -14.4824, -12.6472, -10.8227,  -9.7795,  -7.7999,
         -5.7510,  -4.9121,  -3.8206,  -2.8993,  -1.5081,  -0.5485,   0.3024,
          1.2059,   1.8430,   2.2239,   2.3904,   2.4364,   2.7445,   2.6546,
          3.1175,   2.2757,   2.2924,   1.1906,   0.2850,  -0.8504,  -2.1705,
         -3.0531,  -4.6323,  -6.2879,  -7.6149, -10.1527, -10.9659, -13.6470,
        -16.3372], device='cuda:0') ,
tensor([-20.2417, -17.4038, -15.1178, -13.2196, -11.2809, -10.2499,  -8.2535,
         -6.1935,  -5.3590,  -4.3889,  -3.4543,  -2.0438,  -1.1671,  -0.2096,
          0.6886,   1.3400,   1.8552,   2.1049,   2.2649,   2.7170,   2.8204,
          3.4639,   2.7481,   2.8585,   1.8004,   0.9282,  -0.2171,  -1.5341,
         -2.5069,  -4.0754,  -5.7367,  -7.2512,  -9.7973, -10.8098, -13.5324,
        -16.1338], device='cuda:0') ,
tensor([-20.5993, -17.8083, -15.4381, -13.5879, -11.4954, -10.4583,  -8.3654,
         -6.3097,  -5.5690,  -4.4201,  -3.5737,  -2.0378,  -1.0424,  -0.1145,
          0.8533,   1.6303,   2.1236,   2.4159,   2.4866,   2.9322,   2.9734,
          3.5633,   2.8514,   2.9237,   1.8171,   0.9166,  -0.2989,  -1.6559,
         -2.6315,  -4.1967,  -5.8140,  -7.3903,  -9.9318, -10.9408, -13.5966,
        -16.1212], device='cuda:0') ,
tensor([-21.3100, -18.4486, -15.9953, -13.9952, -11.9335, -10.7772,  -8.6337,
         -6.5071,  -5.6888,  -4.5793,  -3.5915,  -2.0894,  -1.1186,  -0.1286,
          0.8101,   1.5826,   2.1142,   2.3998,   2.5255,   2.9334,   3.0703,
          3.6922,   2.9834,   3.0530,   1.9424,   1.0467,  -0.2079,  -1.6329,
         -2.6970,  -4.3473,  -6.0954,  -7.7206, -10.3753, -11.4350, -14.2295,
        -16.8744], device='cuda:0') ,
tensor([-23.3379, -20.1683, -17.6692, -15.3817, -13.2921, -12.0247,  -9.7858,
         -7.5016,  -6.5125,  -5.4005,  -4.2115,  -2.6451,  -1.6283,  -0.3828,
          0.6625,   1.6113,   2.4152,   2.8423,   3.1747,   3.6964,   4.0272,
          4.6222,   3.8706,   3.8075,   2.5837,   1.5470,   0.1164,  -1.5417,
         -2.8947,  -4.7484,  -6.6771,  -8.4948, -11.3661, -12.6843, -15.6857,
        -18.4774], device='cuda:0') ,
tensor([-23.3376, -20.2677, -17.6740, -15.3638, -13.2553, -11.9783,  -9.6472,
         -7.2962,  -6.2724,  -5.0612,  -3.8299,  -2.2615,  -1.1593,   0.0826,
          1.1527,   2.1203,   2.8325,   3.2067,   3.4666,   3.8437,   4.0601,
          4.5157,   3.6738,   3.5179,   2.2615,   1.1825,  -0.3380,  -2.0459,
         -3.4036,  -5.2781,  -7.3032,  -9.0788, -12.0336, -13.2635, -16.2489,
        -19.0671], device='cuda:0') ,
tensor([-22.7143, -19.5545, -17.0745, -14.9262, -12.6801, -11.5428,  -9.4167,
         -7.0911,  -6.1939,  -5.1913,  -4.1055,  -2.5609,  -1.5997,  -0.4554,
          0.5214,   1.3798,   2.1144,   2.5149,   2.8684,   3.3461,   3.6965,
          4.3912,   3.6228,   3.6471,   2.4409,   1.4811,   0.1852,  -1.4199,
         -2.7057,  -4.5024,  -6.4188,  -8.2136, -10.9882, -12.1744, -15.2078,
        -17.9099], device='cuda:0') ,
tensor([-23.2074, -18.4309, -17.3521, -15.7748, -13.2155, -12.6549, -11.3734,
         -9.2678,  -8.0696,  -7.4866,  -7.0066,  -5.7261,  -4.7850,  -3.7016,
         -2.8771,  -2.0871,  -0.6875,   0.1993,   1.4551,   2.8055,   3.9746,
          5.2522,   4.8702,   5.5273,   4.7466,   4.2278,   3.7467,   2.5501,
          1.4093,  -0.2526,  -2.2865,  -3.8036,  -5.9085,  -7.5273, -11.2063,
        -14.1566], device='cuda:0') ,
tensor([-26.1013, -21.2595, -19.9467, -17.9482, -15.3948, -14.3062, -12.5816,
        -10.2379,  -9.0094,  -7.9682,  -7.0943,  -5.5913,  -4.4724,  -3.2299,
         -2.2546,  -1.1707,   0.2741,   1.2177,   2.4320,   3.8775,   5.1163,
          6.1185,   5.6919,   6.1072,   5.1503,   4.4214,   3.5957,   2.1623,
          0.6490,  -1.3538,  -3.4966,  -5.4478,  -7.9190,  -9.9275, -13.7310,
        -17.1349], device='cuda:0') ,
tensor([-26.3799, -21.5824, -20.1668, -18.0986, -15.6536, -14.4386, -12.7530,
        -10.4245,  -9.2233,  -8.2411,  -7.3599,  -5.8524,  -4.7901,  -3.5515,
         -2.6377,  -1.5536,  -0.0815,   0.9039,   2.1361,   3.6014,   4.9288,
          6.0313,   5.7667,   6.2698,   5.4346,   4.7503,   3.9347,   2.5444,
          1.0296,  -0.9727,  -3.0528,  -5.0969,  -7.5424,  -9.7189, -13.5420,
        -16.9922], device='cuda:0') ,
dirs_y
tensor([-30.5327, -34.3272, -33.8399, -24.4302, -29.4008, -25.6503, -21.9034,
        -20.9895, -19.9389, -17.9913, -18.1337, -12.7920,  -9.4681,  -6.3827,
         -3.0267,  -0.1563,   4.3672,   7.8646,  10.5687,  12.2613,  12.6831,
         11.6697,   9.5642,   7.2216,   4.4106,   2.3364,  -1.2106,  -5.9055,
         -8.6301, -12.4301, -13.6705, -17.5993, -20.9070, -23.6021, -28.5673,
        -39.8177], device='cuda:0') ,
tensor([-32.9767, -37.6296, -36.4453, -26.9747, -31.5655, -27.5680, -23.3163,
        -22.1972, -21.0340, -18.8441, -18.3539, -12.7593,  -9.4081,  -6.0332,
         -2.6311,   0.3237,   4.8470,   8.1987,  10.8561,  12.5098,  12.7959,
         11.6860,   9.6463,   7.2941,   4.4361,   2.2306,  -1.4581,  -6.2446,
         -9.1608, -13.1272, -14.8623, -18.8634, -22.2861, -25.6176, -30.8134,
        -42.7643], device='cuda:0') ,
tensor([-33.5100, -38.3712, -37.0022, -27.3462, -32.0482, -28.0473, -23.6731,
        -22.6533, -21.5025, -19.3470, -18.8955, -13.2289, -10.1006,  -6.6033,
         -3.2499,  -0.3667,   4.2170,   7.6774,  10.5388,  12.4076,  12.9288,
         12.0257,  10.1889,   7.9338,   5.1534,   2.8700,  -0.8770,  -5.7030,
         -8.6603, -12.7280, -14.5313, -18.6873, -22.2415, -25.7759, -30.8968,
        -42.9335], device='cuda:0') ,
tensor([-33.7360, -38.7076, -37.4441, -27.4618, -32.4528, -28.4320, -24.0069,
        -23.1002, -21.9892, -19.8530, -19.5843, -13.8011, -10.7346,  -7.1512,
         -3.7521,  -0.9036,   3.8149,   7.4314,  10.4849,  12.5380,  13.2297,
         12.4532,  10.6901,   8.4329,   5.6640,   3.3542,  -0.5083,  -5.4625,
         -8.4691, -12.5950, -14.3601, -18.6501, -22.2996, -25.8780, -30.9401,
        -43.1318], device='cuda:0') ,
tensor([-3.3137e+01, -3.8013e+01, -3.6548e+01, -2.6887e+01, -3.1724e+01,
        -2.7818e+01, -2.3536e+01, -2.2728e+01, -2.1679e+01, -1.9647e+01,
        -1.9229e+01, -1.3660e+01, -1.0931e+01, -7.3017e+00, -4.0937e+00,
        -1.4386e+00,  3.1703e+00,  6.6914e+00,  9.7442e+00,  1.1893e+01,
         1.2768e+01,  1.2188e+01,  1.0680e+01,  8.6514e+00,  5.9893e+00,
         3.6894e+00, -4.0720e-02, -4.7959e+00, -7.7022e+00, -1.1744e+01,
        -1.3603e+01, -1.7799e+01, -2.1397e+01, -2.5073e+01, -2.9904e+01,
        -4.1869e+01], device='cuda:0') ,
tensor([-32.8217, -37.6935, -36.0877, -26.4728, -31.4587, -27.7035, -23.4478,
        -22.8668, -21.8991, -19.9411, -19.6523, -14.1221, -11.8616,  -8.0684,
         -5.0108,  -2.5616,   2.1029,   5.7347,   8.9780,  11.3901,  12.6257,
         12.3949,  11.2152,   9.4075,   6.8836,   4.6122,   0.9022,  -3.7333,
         -6.6729, -10.6902, -12.6624, -16.8929, -20.5747, -24.3066, -28.9066,
        -40.7755], device='cuda:0') ,
tensor([-32.9594, -37.9953, -36.5220, -26.6441, -31.8624, -28.1144, -23.7833,
        -23.2923, -22.3450, -20.3703, -20.2509, -14.5956, -12.4388,  -8.5384,
         -5.4365,  -3.0142,   1.7684,   5.5448,   8.9406,  11.5318,  12.9066,
         12.7789,  11.6697,   9.8601,   7.3477,   5.0819,   1.2546,  -3.4842,
         -6.4847, -10.5624, -12.5408, -16.8595, -20.6223, -24.3747, -28.9325,
        -40.9650], device='cuda:0') ,
tensor([-32.8638, -37.8626, -36.4156, -26.3771, -31.8209, -28.0741, -23.7683,
        -23.4024, -22.4870, -20.5485, -20.5411, -14.8926, -12.9164,  -8.9755,
         -5.9393,  -3.5757,   1.2466,   5.1159,   8.6320,  11.3581,  12.8987,
         12.8979,  11.9354,  10.2109,   7.7731,   5.5240,   1.6900,  -3.0554,
         -6.0798, -10.1195, -12.0640, -16.4785, -20.2824, -24.0502, -28.4754,
        -40.5618], device='cuda:0') ,
tensor([-33.1980, -38.2955, -36.8075, -26.5860, -32.1464, -28.3837, -24.0337,
        -23.7045, -22.7888, -20.8539, -20.9376, -15.1959, -13.3176,  -9.2924,
         -6.2383,  -3.9065,   0.9730,   4.9382,   8.5662,  11.4078,  13.0620,
         13.1511,  12.2534,  10.5419,   8.1083,   5.8436,   1.9604,  -2.8335,
         -5.9023, -10.0026, -11.9632, -16.4743, -20.3517, -24.1828, -28.6065,
        -40.7910], device='cuda:0') ,
tensor([-33.8397, -39.1833, -37.7468, -27.0913, -32.8950, -29.0570, -24.6198,
        -24.3445, -23.4399, -21.5742, -21.7809, -15.9140, -14.1441, -10.0015,
         -6.8712,  -4.5675,   0.4616,   4.6671,   8.5459,  11.6491,  13.5522,
         13.8044,  13.0132,  11.2555,   8.8204,   6.5025,   2.4472,  -2.5524,
         -5.7125,  -9.9734, -11.9531, -16.7399, -20.7399, -24.7780, -29.1878,
        -41.6695], device='cuda:0') ,
tensor([-34.4148, -39.9036, -38.3925, -27.6794, -33.4137, -29.4786, -24.9836,
        -24.6215, -23.6732, -21.7718, -21.8847, -15.9630, -13.9862,  -9.8523,
         -6.6026,  -4.1634,   0.9169,   5.1305,   8.9931,  12.0612,  13.8443,
         13.9722,  13.0393,  11.1286,   8.6069,   6.2218,   2.0599,  -3.0321,
         -6.2434, -10.6119, -12.6138, -17.3959, -21.5094, -25.5995, -30.1411,
        -42.7509], device='cuda:0') ,
tensor([-34.2773, -39.6914, -38.1947, -27.5331, -33.2044, -29.2801, -24.8174,
        -24.4113, -23.4491, -21.5632, -21.6821, -15.8053, -13.7130,  -9.6894,
         -6.4099,  -3.9272,   1.1367,   5.3352,   9.1522,  12.1506,  13.8490,
         13.9007,  12.8868,  10.9183,   8.3638,   5.9772,   1.8311,  -3.2796,
         -6.4557, -10.8458, -12.7829, -17.5459, -21.6570, -25.6896, -30.2921,
        -42.7802], device='cuda:0') ,
tensor([-34.1116, -39.5060, -38.0571, -27.3553, -33.1142, -29.2427, -24.8023,
        -24.4376, -23.5300, -21.6735, -21.8784, -15.9954, -13.9799,  -9.9644,
         -6.6676,  -4.2334,   0.8745,   5.1583,   9.0872,  12.1674,  13.9578,
         14.0740,  13.1071,  11.1377,   8.5809,   6.2126,   2.0189,  -3.0892,
         -6.2255, -10.6708, -12.5848, -17.3566, -21.4980, -25.4895, -30.0756,
        -42.5098], device='cuda:0') ,
tensor([-34.1249, -39.3865, -37.7469, -27.0380, -32.8529, -29.0825, -24.7231,
        -24.4916, -23.6729, -21.9354, -22.1589, -16.3384, -14.7556, -10.5892,
         -7.4413,  -5.2834,  -0.1416,   4.1884,   8.2899,  11.5666,  13.6999,
         14.1312,  13.5117,  11.7983,   9.3586,   7.0322,   2.8984,  -2.0674,
         -5.1872,  -9.6071, -11.6723, -16.5105, -20.6908, -24.7607, -29.1666,
        -41.5680], device='cuda:0') ,
tensor([-34.1801, -39.7305, -38.1617, -27.1786, -33.2297, -29.4720, -25.0254,
        -24.9821, -24.1892, -22.4848, -22.8420, -16.9376, -15.6535, -11.2636,
         -8.1756,  -6.1727,  -0.8871,   3.6056,   7.9119,  11.4426,  13.8723,
         14.5602,  14.1398,  12.5448,  10.1484,   7.7899,   3.5861,  -1.4358,
         -4.6346,  -9.0687, -11.2029, -16.2098, -20.4283, -24.6467, -28.9390,
        -41.3700], device='cuda:0') ,
tensor([-33.9525, -39.5302, -37.8954, -26.9046, -32.9880, -29.3188, -24.9372,
        -25.0648, -24.2467, -22.7056, -23.0681, -17.1801, -16.2088, -11.6921,
         -8.7072,  -6.8816,  -1.5952,   2.9218,   7.3264,  11.0359,  13.7040,
         14.6270,  14.4593,  13.0175,  10.7526,   8.3833,   4.1989,  -0.7098,
         -3.9197,  -8.2882, -10.5844, -15.5636, -19.8122, -24.0652, -28.2380,
        -40.4359], device='cuda:0') ,
tensor([-34.0583, -38.9800, -36.6493, -26.1063, -31.9043, -28.4700, -24.4870,
        -24.8336, -23.9765, -22.6225, -22.7744, -17.2524, -16.9196, -12.3194,
         -9.5240,  -8.0842,  -3.0151,   1.3752,   5.8673,   9.7621,  12.7229,
         14.0966,  14.4176,  13.4340,  11.4056,   9.1741,   5.2723,   0.9928,
         -2.0800,  -6.3776,  -9.1249, -13.7262, -18.0080, -22.0951, -26.2549,
        -37.5965], device='cuda:0') ,
tensor([-34.5047, -39.7064, -37.0875, -26.4183, -32.2564, -28.6828, -24.8325,
        -25.1575, -24.2971, -22.9973, -22.9407, -17.3844, -17.2722, -12.6011,
         -9.7198,  -8.4081,  -3.3585,   1.0368,   5.6836,   9.6459,  12.7142,
         14.2262,  14.6678,  13.7831,  11.6850,   9.3429,   5.5164,   1.3259,
         -1.7726,  -6.1324,  -9.0558, -13.6407, -17.8443, -22.2491, -26.4266,
        -37.7705], device='cuda:0') ,
tensor([-34.4367, -39.3566, -36.3866, -26.0203, -31.6397, -28.1991, -24.5907,
        -24.9109, -24.1509, -22.8120, -22.6137, -17.1337, -17.3262, -12.7064,
         -9.8650,  -8.8023,  -3.9183,   0.3314,   5.0154,   8.8661,  12.0055,
         13.6571,  14.3194,  13.7526,  11.8159,   9.5090,   5.9197,   1.9964,
         -1.0303,  -5.2808,  -8.2933, -12.7514, -16.8627, -21.1952, -25.2868,
        -36.3070], device='cuda:0') ,
tensor([-34.6043, -38.9713, -35.6017, -25.2911, -30.8660, -27.6521, -24.2065,
        -24.5419, -23.8450, -22.4713, -22.3822, -16.9721, -17.4777, -13.0213,
        -10.2795,  -9.4727,  -4.6991,  -0.5630,   4.1073,   7.9444,  11.1715,
         13.0288,  13.9739,  13.7458,  12.1026,   9.9524,   6.6414,   2.9398,
         -0.0597,  -4.2168,  -7.2437, -11.6490, -15.7291, -19.9010, -23.9697,
        -34.5145], device='cuda:0') ,
tensor([-34.1953, -38.1976, -34.4950, -24.2860, -29.7671, -26.7273, -23.5002,
        -23.8311, -23.1554, -21.8544, -21.9116, -16.6457, -17.3544, -13.1242,
        -10.5032,  -9.9316,  -5.3636,  -1.3594,   3.2433,   7.0332,  10.3019,
         12.3212,  13.5108,  13.5296,  12.1828,  10.2047,   7.1254,   3.6296,
          0.7032,  -3.2980,  -6.2783, -10.6219, -14.5169, -18.5517, -22.4684,
        -32.5242], device='cuda:0') ,
tensor([-33.1971, -36.4466, -32.4112, -22.7855, -27.9552, -25.1891, -22.2745,
        -22.5753, -21.9282, -20.7535, -20.9351, -15.9628, -16.7963, -12.9159,
        -10.4527, -10.0573,  -5.7887,  -1.9500,   2.4414,   6.0647,   9.2712,
         11.3427,  12.6688,  12.8853,  11.8459,  10.1178,   7.3374,   4.1846,
          1.4132,  -2.4143,  -5.2596,  -9.3603, -13.1550, -16.7832, -20.4928,
        -29.9216], device='cuda:0') ,
tensor([-32.1891, -34.4951, -30.2543, -21.5871, -25.9481, -23.5652, -20.6485,
        -20.9284, -20.4480, -19.1984, -19.3478, -14.8578, -15.8085, -12.3380,
        -10.1813,  -9.9635,  -6.0301,  -2.5926,   1.4707,   4.8225,   7.8524,
          9.9796,  11.4357,  12.0042,  11.3443,   9.9385,   7.6109,   4.8499,
          2.3974,  -1.2435,  -3.8997,  -7.6995, -11.6123, -14.9366, -18.5722,
        -27.1599], device='cuda:0') ,
tensor([-31.6000, -33.2337, -29.0140, -20.9326, -24.8493, -22.6390, -19.7354,
        -20.0059, -19.7208, -18.3802, -18.4855, -14.3782, -15.2523, -12.0402,
         -9.9370,  -9.8106,  -6.0396,  -2.8025,   1.1335,   4.2937,   7.1896,
          9.3058,  10.7737,  11.4335,  10.9101,   9.7179,   7.5385,   4.9546,
          2.7027,  -0.8020,  -3.3723,  -6.9859, -10.9558, -14.1332, -17.6455,
        -25.9005], device='cuda:0') ,
tensor([-29.3205, -29.7047, -25.7083, -18.9550, -22.0233, -20.1130, -17.4199,
        -17.7402, -17.5677, -16.2157, -16.1731, -12.8027, -13.5460, -10.8669,
         -9.1348,  -9.0164,  -5.8404,  -3.0947,   0.3357,   2.9697,   5.4362,
          7.4110,   8.8335,   9.6900,   9.4864,   8.7588,   7.0857,   4.9949,
          3.3002,   0.2895,  -1.9898,  -5.1029,  -8.7856, -11.6221, -14.7643,
        -22.1759], device='cuda:0') ,
tensor([-28.9184, -28.0216, -23.4206, -17.8140, -19.7063, -18.2968, -15.7819,
        -16.0377, -16.2244, -14.8694, -14.8513, -12.0347, -13.1166, -10.9799,
         -9.5620,  -9.8344,  -7.1596,  -4.7188,  -1.5937,   0.7729,   3.2278,
          5.4711,   7.4159,   8.8551,   9.3022,   9.2165,   8.2382,   6.6072,
          5.3657,   2.7270,   0.6656,  -2.3277,  -5.8763,  -8.6701, -11.5421,
        -18.2802], device='cuda:0') ,
tensor([-2.8281e+01, -2.6951e+01, -2.2208e+01, -1.7204e+01, -1.8371e+01,
        -1.7103e+01, -1.4698e+01, -1.4867e+01, -1.5015e+01, -1.3944e+01,
        -1.3775e+01, -1.1229e+01, -1.2426e+01, -1.0504e+01, -9.4208e+00,
        -9.6967e+00, -7.3460e+00, -5.0589e+00, -2.2658e+00, -1.4109e-02,
         2.4761e+00,  4.7470e+00,  6.7554e+00,  8.3294e+00,  8.9473e+00,
         9.0257e+00,  8.3538e+00,  6.8918e+00,  5.7169e+00,  3.4199e+00,
         1.4022e+00, -1.6550e+00, -4.9895e+00, -8.0614e+00, -1.0945e+01,
        -1.7125e+01], device='cuda:0') ,
tensor([-26.8095, -25.7802, -21.2859, -16.6701, -17.5279, -16.4259, -13.9591,
        -14.0287, -14.2528, -13.0855, -12.9107, -10.4422, -11.5568,  -9.6303,
         -8.5666,  -8.8465,  -6.5603,  -4.5081,  -1.7715,   0.3668,   2.7983,
          4.9449,   6.8041,   8.2288,   8.6157,   8.5036,   7.7144,   6.1817,
          4.9929,   2.7067,   0.6769,  -2.3441,  -5.4963,  -8.8959, -11.7947,
        -17.5349], device='cuda:0') ,
tensor([-26.0991, -25.3950, -21.1286, -16.7883, -17.4148, -16.3501, -13.7539,
        -13.7983, -13.9002, -12.7409, -12.4599, -10.0391, -10.8567,  -8.7683,
         -7.6669,  -7.7926,  -5.4805,  -3.5414,  -0.9396,   1.1623,   3.4831,
          5.4129,   7.0475,   8.1587,   8.2072,   7.8463,   6.8247,   5.1508,
          3.8538,   1.5056,  -0.6378,  -3.6595,  -6.6939, -10.3320, -13.2846,
        -18.9068], device='cuda:0') ,
tensor([-25.6322, -25.2511, -21.1582, -16.8331, -17.5829, -16.4228, -13.8730,
        -13.8663, -13.7102, -12.6967, -12.3489,  -9.8506, -10.3276,  -8.0657,
         -6.8607,  -6.7126,  -4.3753,  -2.4362,   0.0328,   2.1576,   4.3592,
          6.0293,   7.3344,   8.0701,   7.7291,   7.1214,   5.8549,   4.0736,
          2.5981,   0.2329,  -2.0389,  -4.9730,  -7.8746, -11.4846, -14.5914,
        -20.3082], device='cuda:0') ,
tensor([-24.9088, -24.9685, -21.1992, -16.9317, -17.8830, -16.4646, -14.0155,
        -13.9831, -13.4302, -12.6000, -12.0490,  -9.6097,  -9.4730,  -7.0142,
         -5.7083,  -5.0828,  -2.6531,  -0.7337,   1.4695,   3.5728,   5.5254,
          6.8071,   7.5801,   7.7497,   6.8938,   5.9352,   4.2890,   2.3918,
          0.7652,  -1.6855,  -4.1398,  -6.8539,  -9.6000, -13.0900, -16.4944,
        -22.3688], device='cuda:0') ,
tensor([-25.5387, -25.9866, -21.9501, -17.5699, -18.6998, -16.8484, -14.5342,
        -14.0975, -13.5348, -12.6329, -11.7125,  -9.0420,  -8.5907,  -6.1343,
         -4.6435,  -3.6613,  -1.2258,   0.6397,   2.6675,   4.4846,   6.0830,
          6.9515,   7.2864,   7.1179,   5.9686,   4.7617,   3.0736,   0.9968,
         -0.7969,  -3.4550,  -5.8698,  -8.5817, -11.2155, -14.8714, -18.3827,
        -25.0505], device='cuda:0') ,
tensor([-25.7717, -26.9609, -22.9639, -18.1536, -19.8223, -17.3617, -15.0565,
        -14.2902, -13.6557, -12.6020, -11.3644,  -8.4328,  -7.4700,  -5.0483,
         -3.3850,  -2.0567,   0.5106,   2.4103,   4.3663,   5.8525,   6.9953,
          7.3104,   7.0084,   6.2542,   4.6583,   3.1913,   1.2096,  -1.0418,
         -2.9637,  -6.0195,  -8.3294, -11.0368, -13.5480, -17.2053, -20.9521,
        -28.6231], device='cuda:0') ,
tensor([-26.3744, -27.7701, -23.4917, -18.7135, -20.4065, -17.8438, -15.4207,
        -14.6066, -13.9654, -12.7933, -11.4089,  -8.3922,  -7.2946,  -4.8641,
         -3.0875,  -1.6798,   0.7846,   2.6962,   4.5588,   6.0102,   7.0422,
          7.2419,   6.8849,   5.9453,   4.4204,   2.9060,   0.8640,  -1.4431,
         -3.4572,  -6.5353,  -8.9414, -11.5646, -14.0339, -17.7856, -21.5312,
        -29.6349], device='cuda:0') ,
tensor([-26.9501, -28.5323, -23.9612, -19.1751, -20.9512, -18.2299, -15.8510,
        -14.9453, -14.2756, -12.9764, -11.4784,  -8.2579,  -6.9130,  -4.4288,
         -2.5806,  -1.0235,   1.4525,   3.3044,   5.0946,   6.3235,   7.1011,
          7.0617,   6.4913,   5.4148,   3.8017,   2.2550,   0.1829,  -2.1337,
         -4.2199,  -7.3107,  -9.6856, -12.2087, -14.6999, -18.3171, -22.1074,
        -30.6224], device='cuda:0') ,
tensor([-27.2866, -28.9741, -24.4408, -19.7394, -21.1300, -18.2779, -15.8255,
        -14.6727, -13.8914, -12.2685, -10.3986,  -7.0925,  -5.4590,  -2.8871,
         -0.8754,   0.9235,   3.2259,   4.8086,   6.2208,   6.9842,   7.1717,
          6.5366,   5.4364,   3.7771,   1.9198,   0.1834,  -1.9543,  -4.4089,
         -6.6253,  -9.6801, -12.0228, -14.4465, -16.7507, -20.0260, -24.2359,
        -33.0502], device='cuda:0') ,
tensor([-27.6697, -29.6572, -24.7497, -20.1238, -21.5591, -18.6432, -16.1772,
        -14.9955, -14.3520, -12.7315, -10.7771,  -7.4550,  -5.7701,  -3.1920,
         -1.1349,   0.7477,   3.0630,   4.7340,   6.2145,   7.0870,   7.3633,
          6.7767,   5.6821,   4.0561,   2.2315,   0.4860,  -1.6501,  -4.1707,
         -6.4843,  -9.5956, -11.9279, -14.4068, -16.7588, -20.2088, -24.3370,
        -33.3994], device='cuda:0') ,
tensor([-28.2938, -30.2005, -25.3041, -20.7067, -21.8692, -18.8944, -16.3515,
        -15.0362, -14.2827, -12.5338, -10.3799,  -6.9810,  -5.1872,  -2.5141,
         -0.3896,   1.5748,   3.8334,   5.3690,   6.6678,   7.3162,   7.3706,
          6.5637,   5.2872,   3.4566,   1.5084,  -0.3675,  -2.5371,  -5.1335,
         -7.5094, -10.6225, -13.0180, -15.5111, -17.8055, -21.2058, -25.5783,
        -34.8067], device='cuda:0') ,
tensor([-29.3796, -31.4776, -26.6218, -21.9388, -22.6634, -19.4841, -16.7771,
        -15.1060, -14.1656, -12.2308,  -9.6542,  -6.0944,  -4.0766,  -1.2555,
          1.0925,   3.2642,   5.4348,   6.7642,   7.7145,   7.9887,   7.5418,
          6.2753,   4.6143,   2.3268,   0.1035,  -2.0108,  -4.2162,  -7.0565,
         -9.6263, -12.7575, -15.2046, -17.7891, -19.9745, -23.3034, -28.0816,
        -37.6843], device='cuda:0') ,
tensor([-29.5259, -31.7532, -26.9093, -22.1586, -22.8797, -19.7051, -16.9523,
        -15.2914, -14.4203, -12.4710,  -9.9079,  -6.3226,  -4.2935,  -1.4484,
          0.9393,   3.1386,   5.3830,   6.7804,   7.7712,   8.1482,   7.7737,
          6.5396,   4.8710,   2.5955,   0.3423,  -1.7913,  -4.0355,  -6.9246,
         -9.5256, -12.7494, -15.1772, -17.8339, -20.1111, -23.5295, -28.2804,
        -37.9238], device='cuda:0') ,
tensor([-2.9443e+01, -3.2077e+01, -2.7524e+01, -2.2130e+01, -2.3487e+01,
        -2.0269e+01, -1.7479e+01, -1.6035e+01, -1.5196e+01, -1.3412e+01,
        -1.1143e+01, -7.3127e+00, -5.2555e+00, -2.4235e+00, -5.1338e-03,
         2.2740e+00,  4.9025e+00,  6.6016e+00,  7.9419e+00,  8.5837e+00,
         8.4606e+00,  7.3715e+00,  5.7505e+00,  3.5353e+00,  1.1906e+00,
        -9.5475e-01, -3.3532e+00, -6.3918e+00, -8.9780e+00, -1.2424e+01,
        -1.4756e+01, -1.7557e+01, -2.0088e+01, -2.3447e+01, -2.8164e+01,
        -3.7846e+01], device='cuda:0') ,
tensor([-32.4206, -37.1256, -36.4802, -26.3655, -31.6974, -27.7446, -23.5902,
        -22.8372, -21.6667, -19.7208, -19.9130, -14.1114, -10.8817,  -7.4304,
         -3.9516,  -1.1019,   3.7234,   7.5378,  10.6562,  12.7598,  13.5353,
         12.7732,  10.8436,   8.4863,   5.6621,   3.3556,  -0.5838,  -5.5501,
         -8.4641, -12.5472, -14.0060, -18.2525, -21.8738, -25.0834, -30.0943,
        -41.9183], device='cuda:0') ,
tensor([-34.0179, -39.1906, -37.7970, -27.7701, -32.7258, -28.7279, -24.2741,
        -23.3974, -22.2324, -20.1477, -19.8668, -13.9972, -11.0430,  -7.3625,
         -3.9750,  -1.1610,   3.5958,   7.2638,  10.3786,  12.5272,  13.3321,
         12.6603,  10.9614,   8.7188,   5.9539,   3.6132,  -0.2953,  -5.2654,
         -8.3241, -12.5071, -14.3877, -18.7079, -22.3955, -26.1124, -31.2135,
        -43.3610], device='cuda:0') ,
tensor([-33.9157, -38.8930, -37.1057, -27.3135, -32.1821, -28.2418, -23.9171,
        -23.1410, -21.9966, -20.0649, -19.6704, -13.9803, -11.3043,  -7.6296,
         -4.4069,  -1.7127,   2.9560,   6.5754,   9.7291,  11.9979,  12.9840,
         12.5064,  11.0572,   8.9904,   6.3536,   3.9809,   0.1877,  -4.5747,
         -7.5817, -11.7690, -13.7463, -18.0068, -21.7888, -25.6069, -30.5260,
        -42.5012], device='cuda:0') ,
